0000 80
0000 85
0000 88
0002 58
0003 42
0004 41
0005 40
0005 40
0005 49
0006 57
0007 48
0008 44
0009 41
0010 50
0011 45
0012 49
0013 50
0014 55
0015 60
0016 53
0017 49
0018 47
0019 44
0020 42
0021 46
0022 44
0023 50
0024 47
0025 40
0026 43
0027 40
0028 40
0029 41
0030 41
0031 41
0032 42
0033 41
0034 43
0035 42
0036 41
0037 43
0038 43
0039 42
0040 44
0041 43
0042 43
0043 76
0044 41
0045 40
0046 41
0047 42
0048 42
0049 42
0050 42
0051 43
0052 43
0053 42
0054 41
0055 41
0056 42
0057 41
0058 42
0059 42
0100 46
0101 42
0102 41
0103 42
0104 42
0105 41
0106 43
0107 41
0108 42
0109 43
0110 43
0111 43
0112 43
0113 43
0114 43
0115 43
0116 42
0117 47
0118 50
0119 54
0120 50
0121 49
0122 82
0123 48
0124 51
0125 48
0126 48
0127 49
0128 51
0129 49
0130 45
0131 50
0132 48
0132 52
0134 47
0135 50
0136 49
0137 46
0138 50
0139 47
0140 46
0141 44
0142 47
0143 44
0144 44
0145 46
0146 44
0147 46
0148 48
0149 47
0150 45
0151 49
0152 48
0153 48
0154 47
0155 47
0156 46
0157 47
0158 48
0159 49
0200 47
0201 49
0202 48
0203 48
0204 48
0205 46
0206 47
0207 47
0208 69
0209 42
0210 43
0211 42
0212 42
0213 43
0214 42
0215 42
0216 42
0217 42
0218 42
0219 42
0220 42
0221 42
0222 43
0223 43
0224 42
0225 41
0226 42
0227 42
0228 42
0229 42
0230 41
0231 42
0232 43
0233 51
0234 48
0235 40
0236 57
0237 39
0238 57
0239 41
0240 43
0241 43
0242 52
0243 41
0244 40
0245 44
0245 46
0247 43
0248 47
0249 45
0250 44
0251 45
0252 46
0253 47
0254 46
0255 70
0256 49
0257 48
0258 47
0259 46
0300 48
0301 48
0302 46
0303 48
0304 48
0305 46
0306 46
0307 44
0308 69
0309 49
0310 48
0311 46
0312 48
0313 47
0314 54
0315 66
0316 52
0317 49
0318 53
0319 52
0320 48
0321 53
0322 51
0323 52
0324 49
0325 47
0326 48
0327 49
0328 45
0329 44
0330 44
0331 43
0332 43
0333 42
0334 43
0335 43
0336 43
0337 42
0338 43
0339 45
0340 45
0341 46
0342 47
0343 47
0344 46
0345 46
0346 47
0347 47
0348 46
0349 45
0350 46
0351 46
0352 47
0353 45
0354 47
0355 48
0356 45
0357 44
0358 46
0359 44
0400 44
0401 44
0402 44
0403 44
0404 44
0405 44
0406 43
0407 45
0408 44
0409 45
0410 43
0411 44
0412 44
0413 44
0414 43
0415 42
0416 44
0417 44
0418 45
0419 47
0420 45
0421 43
0422 42
0423 43
0424 67
0425 57
0426 56
0427 46
0428 45
0429 43
0430 49
0431 41
0432 42
0433 45
0434 47
0435 45
0436 47
0437 62
0438 43
0439 46
0440 47
0441 45
0442 49
0443 52
0444 48
0445 47
0446 45
0447 46
0448 44
0449 45
0450 47
0451 45
0452 46
0453 46
0454 46
0455 47
0456 43
0457 44
0458 57
0459 48
0500 59
0501 56
0502 61
0503 47
0504 44
0505 45
0506 41
0507 54
0508 47
0509 46
0510 52
0511 47
0512 45
0513 44
0514 41
0515 44
0516 42
0517 43
0518 57
0519 44
0520 42
0521 47
0522 44
0523 45
0524 42
0525 43
0526 44
0527 41
0528 40
0529 43
0530 75
0531 48
0532 44
0900 44
0901 56
0902 53
0903 67
0904 62
0905 58
0906 62
0907 55
0908 58
0909 62
0910 62
0911 66
0912 58
0913 53
0914 52
0915 66
0916 75
0917 57
0918 64
0919 65
0920 60
0921 66
0922 58
0923 65
0924 87
0925 84
0926 73
0927 57
0928 70
0929 63
0930 53
0931 59
0932 68
0933 52
0934 54
0935 76
0936 52
0937 70
0938 51
0939 57
0940 65
0941 51
0942 81
0943 53
0944 85
0945 102
0946 83
0947 82
0948 89
0949 78
0950 77
0951 77
0952 75
0953 74
0954 73
0954 77
0955 75
0956 76
0957 47
0958 54
0959 50
1000 53
1001 69
1002 64
1003 61
1004 94
1005 78
1006 78
1020 78
1021 72
1021 72
1022 72
1023 65
1024 69
1025 80
1026 74
1027 92
1028 81
1029 77
1030 77
1031 68
1032 97
1033 94
1034 91
1034 91
1034 91
1035 86
1036 85
1037 73
1038 96
1039 112
1040 111
1041 92
1042 80
1043 80
1044 80
1045 72
1046 72
1047 72
1051 72
1052 77
1053 77
1054 77
1105 77
1106 69
1107 71
1108 75
1109 76
1110 69
1111 77
1112 73
1113 76
1114 67
1115 67
1116 67
1117 66
1118 72
1119 64
1120 67
1121 61
1122 69
