2009 64
2010 65
2011 58
2011 62
2011 63
2012 63
2013 65
2014 64
2015 62
2016 64
2017 66
2018 67
2019 68
2020 69
2021 68
2022 66
2023 65
2024 63
2025 60
2026 63
2027 73
2028 62
2029 77
2030 68
2031 66
2032 71
2033 63
2034 63
2035 61
2036 63
2037 65
2038 62
2039 64
2040 78
2041 61
2042 64
2043 58
2044 59
2045 65
2047 72
2048 72
2049 65
2052 69
2053 80
2053 75
2054 78
2055 67
2056 63
2057 66
2058 60
2059 57
2100 60
2101 65
2102 60
2103 68
2104 73
2105 65
2106 70
2107 59
2108 69
2109 60
2110 61
2111 62
2112 60
2113 61
2114 62
2115 77
2116 59
2117 65
2118 64
2119 57
2120 67
2121 61
2122 66
2123 60
2124 62
2125 56
2126 59
2127 63
2128 62
2129 61
2130 63
2131 75
2132 62
2133 58
2134 53
2135 56
2136 76
2137 56
2138 58
2139 56
2140 58
2141 59
2142 56
2143 68
2144 59
2145 70
2146 61
2147 61
2148 61
2151 61
2152 62
2153 61
2154 77
2155 66
2156 62
2156 59
2157 62
2158 56
2159 73
2216 59
2217 61
2218 56
2219 55
2238 56
2239 62
2240 51
2243 61
2243 56
2244 57
2245 65
2246 54
2247 55
2248 55
2249 63
2250 54
2251 54
2252 53
2253 64
2254 49
2255 57
2256 59
2257 58
2258 64
2259 63
2300 51
2301 55
2302 59
2303 52
2304 56
2305 49
2306 52
2307 55
2308 64
2309 53
2310 57
2311 54
2311 58
2313 50
2314 51
2315 55
2316 56
2317 54
2318 52
2319 52
2320 51
2321 69
2322 61
2323 65
2324 67
2325 65
2326 54
2327 51
2328 53
2329 59
2330 47
2331 48
2332 61
2333 64
2334 51
2335 53
2336 50
2337 48
2338 54
2339 46
2340 45
2341 59
2342 45
2343 53
2344 47
2345 54
2346 44
2347 49
2348 47
2349 59
2350 53
2351 47
2352 46
2353 48
2354 45
2355 48
2356 47
2357 55
2358 59
2358 71
